48
0 0 0 0 0
0 1 1 1 0
1 0 0 0 1
1 1 0 0 1
1 0 1 0 1
1 0 0 1 1
1 0 0 0 1
0 1 1 1 0
49
0 0 0 0 0
0 0 1 0 0
0 0 1 0 0
0 0 1 0 0
0 0 1 0 0
0 0 1 0 0
0 0 1 0 0
0 1 1 0 0
50
0 0 0 0 0
1 1 1 1 1
1 0 0 0 0
1 0 0 0 0
0 1 1 1 0
0 0 0 0 1
0 0 0 0 1
1 1 1 1 0
51
0 0 0 0 0
1 1 1 1 0
0 0 0 0 1
0 0 0 0 1
1 1 1 1 0
0 0 0 0 1
0 0 0 0 1
1 1 1 1 0
52
0 0 0 0 0
0 0 0 0 1
0 0 0 0 1
1 1 1 1 1
1 0 0 0 1
0 1 0 0 1
0 0 1 0 1
0 0 0 1 1
53
0 0 0 0 0
1 1 1 1 0
0 0 0 0 1
0 0 0 0 1
1 1 1 1 0
1 0 0 0 0
1 0 0 0 0
1 1 1 1 1
54
0 0 0 0 0
0 1 1 1 0
1 0 0 0 1
1 0 0 0 1
1 1 1 1 0
1 0 0 0 0
1 0 0 0 0
0 1 1 1 1
55
0 0 0 0 0
0 0 1 0 0
0 0 1 0 0
0 0 1 0 0
0 0 0 1 0
0 0 0 1 0
0 0 0 0 1
1 1 1 1 1
56
0 0 0 0 0
0 1 1 1 0
1 0 0 0 1
1 0 0 0 1
0 1 1 1 0
1 0 0 0 1
1 0 0 0 1
0 1 1 1 0
57
0 0 0 0 0
0 1 1 1 0
0 0 0 0 1
0 0 0 0 1
0 1 1 1 1
1 0 0 0 1
1 0 0 0 1
0 1 1 1 0
65
0 0 0 0 0
1 0 0 0 1
1 0 0 0 1
1 1 1 1 1
1 0 0 0 1
1 0 0 0 1
1 0 0 0 1
0 1 1 1 0
66
0 0 0 0 0
1 1 1 1 0
1 0 0 0 1
1 0 0 0 1
1 1 1 1 0
1 0 0 0 1
1 0 0 0 1
1 1 1 1 0
67
0 0 0 0 0
0 1 1 1 1
1 0 0 0 0
1 0 0 0 0
1 0 0 0 0
1 0 0 0 0
1 0 0 0 0
0 1 1 1 1
68
0 0 0 0 0
1 1 1 1 0
1 0 0 0 1
1 0 0 0 1
1 0 0 0 1
1 0 0 0 1
1 0 0 0 1
1 1 1 1 0
69
0 0 0 0 0
1 1 1 1 1
1 0 0 0 0
1 0 0 0 0
1 1 1 1 1
1 0 0 0 0
1 0 0 0 0
1 1 1 1 1
70
0 0 0 0 0
1 0 0 0 0
1 0 0 0 0
1 0 0 0 0
1 1 1 1 1
1 0 0 0 0
1 0 0 0 0
1 1 1 1 1
71
0 0 0 0 0
0 1 1 1 1
1 0 0 0 1
1 0 0 0 1
1 0 0 1 1
1 0 0 0 0
1 0 0 0 0
0 1 1 1 1
72
0 0 0 0 0
1 0 0 0 1
1 0 0 0 1
1 0 0 0 1
1 1 1 1 1
1 0 0 0 1
1 0 0 0 1
1 0 0 0 1
73
0 0 0 0 0
0 0 1 0 0
0 0 1 0 0
0 0 1 0 0
0 0 1 0 0
0 0 1 0 0
0 0 1 0 0
0 0 1 0 0
74
0 0 0 0 0
1 1 1 1 0
0 0 0 0 1
0 0 0 0 1
0 0 0 0 1
0 0 0 0 1
0 0 0 0 1
0 0 0 0 1
75
0 0 0 0 0
1 0 0 0 1
1 0 0 1 0
1 0 1 0 0
1 1 0 0 0
1 0 1 0 0
1 0 0 1 0
1 0 0 0 1
76
0 0 0 0 0
1 1 1 1 1
1 0 0 0 0
1 0 0 0 0
1 0 0 0 0
1 0 0 0 0
1 0 0 0 0
1 0 0 0 0
77
0 0 0 0 0
1 0 0 0 1
1 0 0 0 1
1 0 0 0 1
1 0 0 0 1
1 0 1 0 1
1 1 0 1 1
1 0 0 0 1
78
0 0 0 0 0
1 0 0 0 1
1 0 0 0 1
1 0 0 0 1
1 0 0 1 1
1 0 1 0 1
1 1 0 0 1
1 0 0 0 1
79
0 0 0 0 0
0 1 1 1 0
1 0 0 0 1
1 0 0 0 1
1 0 0 0 1
1 0 0 0 1
1 0 0 0 1
0 1 1 1 0
80
0 0 0 0 0
1 0 0 0 0
1 0 0 0 0
1 1 1 1 0
1 0 0 0 1
1 0 0 0 1
1 0 0 0 1
1 1 1 1 0
81
0 0 0 0 0
0 1 1 0 1
1 0 0 1 0
1 0 0 0 1
1 0 0 0 1
1 0 0 0 1
1 0 0 0 1
0 1 1 1 0
82
0 0 0 0 0
1 0 0 0 1
1 0 0 0 1
1 1 1 1 0
1 0 0 0 1
1 0 0 0 1
1 0 0 0 1
1 1 1 1 0
83
0 0 0 0 0
1 1 1 1 0
0 0 0 0 1
0 0 0 0 1
0 1 1 1 0
1 0 0 0 0
1 0 0 0 0
0 1 1 1 1
84
0 0 0 0 0
0 0 1 0 0
0 0 1 0 0
0 0 1 0 0
0 0 1 0 0
0 0 1 0 0
0 0 1 0 0
1 1 1 1 1
85
0 0 0 0 0
0 1 1 1 0
1 0 0 0 1
1 0 0 0 1
1 0 0 0 1
1 0 0 0 1
1 0 0 0 1
1 0 0 0 1
86
0 0 0 0 0
0 0 1 0 0
0 1 0 1 0
1 0 0 0 1
1 0 0 0 1
1 0 0 0 1
1 0 0 0 1
1 0 0 0 1
87
0 0 0 0 0
1 0 0 0 1
1 1 0 1 1
1 0 1 0 1
1 0 0 0 1
1 0 0 0 1
1 0 0 0 1
1 0 0 0 1
88
0 0 0 0 0
1 0 0 0 1
1 0 0 0 1
0 1 0 1 0
0 0 1 0 0
0 1 0 1 0
1 0 0 0 1
1 0 0 0 1
89
0 0 0 0 0
0 0 1 0 0
0 0 1 0 0
0 0 1 0 0
0 1 1 1 0
1 0 0 0 1
1 0 0 0 1
1 0 0 0 1
90
0 0 0 0 0
1 1 1 1 1
1 0 0 0 0
0 1 0 0 0
0 0 1 0 0
0 0 0 1 0
0 0 0 0 1
1 1 1 1 1
97
0 0 0 0 0
0 1 1 1 0
1 0 0 1 0
0 1 1 1 0
0 0 0 1 0
0 1 1 0 0
0 0 0 0 0
0 0 0 0 0
98
0 0 0 0 0
1 1 1 0 0
1 0 0 1 0
1 0 0 1 0
1 0 0 1 0
1 1 1 0 0
1 0 0 0 0
1 0 0 0 0
99
0 0 0 0 0
0 0 1 1 0
0 1 0 0 0
0 1 0 0 0
0 1 0 0 0
0 0 1 1 0
0 0 0 0 0
0 0 0 0 0
100
0 0 0 0 0
0 1 1 1 0
1 0 0 1 0
1 0 0 1 0
1 0 0 1 0
0 1 1 1 0
0 0 0 1 0
0 0 0 1 0
101
0 0 0 0 0
0 1 1 1 0
1 0 0 0 0
1 1 1 1 0
1 0 0 1 0
0 1 1 0 0
0 0 0 0 0
0 0 0 0 0
102
0 0 0 0 0
0 0 1 0 0
0 0 1 0 0
0 0 1 0 0
0 0 1 0 0
1 1 1 1 1
0 0 1 0 0
0 0 0 1 1
103
1 1 1 0 0
0 0 0 1 0
0 1 1 1 0
1 0 0 1 0
1 0 0 1 0
0 1 1 1 0
0 0 0 0 0
0 0 0 0 0
104
0 0 0 0 0
1 0 0 1 0
1 0 0 1 0
1 0 0 1 0
1 0 0 1 0
1 1 1 0 0
1 0 0 0 0
1 0 0 0 0
105
0 0 0 0 0
0 0 1 0 0
0 0 1 0 0
0 0 1 0 0
0 0 1 0 0
0 0 1 0 0
0 0 0 0 0
0 0 1 0 0
106
1 1 0 0 0
0 0 1 0 0
0 0 1 0 0
0 0 1 0 0
0 0 1 0 0
0 0 1 0 0
0 0 0 0 0
0 0 1 0 0
107
0 0 0 0 0
1 0 0 1 0
1 0 1 0 0
1 1 0 0 0
1 0 1 0 0
1 0 0 1 0
1 0 0 0 0
1 0 0 0 0
108
0 0 0 0 0
0 0 1 0 0
0 0 1 0 0
0 0 1 0 0
0 0 1 0 0
0 0 1 0 0
0 0 1 0 0
0 0 1 0 0
109
0 0 0 0 0
1 0 0 0 1
1 0 1 0 1
1 0 1 0 1
1 0 1 0 1
1 1 0 1 0
0 0 0 0 0
0 0 0 0 0
110
0 0 0 0 0
1 0 0 1 0
1 0 0 1 0
1 0 0 1 0
1 0 0 1 0
1 1 1 0 0
0 0 0 0 0
0 0 0 0 0
111
0 0 0 0 0
0 1 1 0 0
1 0 0 1 0
1 0 0 1 0
1 0 0 1 0
0 1 1 0 0
0 0 0 0 0
0 0 0 0 0
112
1 0 0 0 0
1 1 1 0 0
1 0 0 1 0
1 0 0 1 0
1 0 0 1 0
1 1 1 0 0
0 0 0 0 0
0 0 0 0 0
113
0 0 0 1 0
0 1 1 1 0
1 0 0 1 0
1 0 0 1 0
1 0 0 1 0
0 1 1 1 0
0 0 0 0 0
0 0 0 0 0
114
0 0 0 0 0
1 0 0 0 0
1 0 0 0 0
1 0 0 0 0
1 1 0 0 0
1 0 1 1 0
0 0 0 0 0
0 0 0 0 0
115
0 0 0 0 0
1 1 1 0 0
0 0 0 1 0
0 1 1 0 0
1 0 0 0 0
0 1 1 1 0
0 0 0 0 0
0 0 0 0 0
116
0 0 0 0 0
0 0 1 1 0
0 1 0 0 0
0 1 0 0 0
0 1 0 0 0
1 1 1 1 0
0 1 0 0 0
0 1 0 0 0
117
0 0 0 0 0
0 1 1 1 0
1 0 0 1 0
1 0 0 1 0
1 0 0 1 0
1 0 0 1 0
0 0 0 0 0
0 0 0 0 0
118
0 0 0 0 0
0 0 1 0 0
0 1 0 1 0
1 0 0 0 1
1 0 0 0 1
1 0 0 0 1
0 0 0 0 0
0 0 0 0 0
119
0 0 0 0 0
0 1 0 1 0
1 0 1 0 1
1 0 1 0 1
1 0 1 0 1
1 0 0 0 1
0 0 0 0 0
0 0 0 0 0
120
0 0 0 0 0
1 0 0 0 1
0 1 0 1 0
0 0 1 0 0
0 1 0 1 0
1 0 0 0 1
0 0 0 0 0
0 0 0 0 0
121
1 1 1 0 0
0 0 0 1 0
0 1 1 1 0
1 0 0 1 0
1 0 0 1 0
1 0 0 1 0
0 0 0 0 0
0 0 0 0 0
122
0 0 0 0 0
1 1 1 1 1
0 1 0 0 0
0 0 1 0 0
0 0 0 1 0
1 1 1 1 1
0 0 0 0 0
0 0 0 0 0
